headermobile : 6.266591462893696
component : 6.112554005352269
hóspede : 5.073730067540176
igfooter : 4.933135471021729
gabigol : 4.653309646152644
chácaras : 4.579838999581215
ig : 4.501796521600649
font : 4.429070503983563
submenu : 4.345848453206525
hassubitems : 4.315286010235311
noticiasfloat : 4.315286010235311
rubro : 4.2935474892043395
10px : 4.03391593408458
containermateria : 3.99807461203304
aluguel : 3.8892148754082756
igpetsgeral : 3.8599470699725678
temporada : 3.7962448975891725
margin : 3.778238255697126
flamengo : 3.774117067021012
redessociais : 3.675882144994076
v04 : 3.675882144994076
vitinho : 3.652787811689843
channel : 3.638535054742791
30px : 3.630224633504532
768px : 3.623512202436662
weight : 3.5649576864930848
noticia : 3.5585331287209954
fla : 3.542795148664918
divulguecorpo : 3.4892739018638173
padding : 3.4796388821889033
arrascaeta : 3.4787227750099414
independiente : 3.4293064531711135
fff : 3.4128187925108158
15px : 3.406297475218058
chutou : 3.3917918400230573
6a6a6a : 3.3754847887888872
container : 3.3535698830355525
jordi : 3.3284744995775504
alugar : 3.3274664844667154
1fr : 3.324722984578588
width : 3.311530788311877
align : 3.2723294920549035
hat : 3.246146094882125
hamburguer : 3.22818823013278
nd : 3.2218802542718197
timão : 3.2000710291748495
decoration : 3.1906102590517342
domènec : 3.175726176594358
important : 3.174582275280606
signature : 3.1690733501942456
color : 3.1573306654712034
csa : 3.1299542467159553
5px : 3.1042065995311163
20px : 3.0881031507947196
1px : 3.0878748099676625
promise : 3.0814680777733665
libertadores : 3.0647193094165135
carnaval : 3.020810228952149
hover : 3.0204683011210247
992px : 3.0149840640798677
border : 3.0081876490152513
14px : 2.999593314609968
atacante : 2.995707711957602
justify : 2.989464967639021
solid : 2.9721715949787115
sb : 2.9697461282092283
181818 : 2.968406059454289
bottom : 2.9586616429569528
breadcrumb : 2.94119528900269
valle : 2.9306385665582737
nh : 2.9279834985952418
underline : 2.920116871862107
lateral : 2.8732534239925975
cp : 2.869627004306245
arão : 2.838349220674492
25px : 2.837517043627662
litas : 2.8235471999323254
display : 2.8043931224142424
li : 2.7989784277665475
plate : 2.793892823262954
ul : 2.7814516874609096
function : 2.777561728302874
exports : 2.7766897721487425
media : 2.767284952483882
slider : 2.754599818864959
nav : 2.7508764109364177
subitems : 2.7452937149482284
everton : 2.739918422898329
height : 2.738453635283259
folha : 2.7380470184683956
reconsideração : 2.7363776930183294
alter : 2.7319953706076436
flex : 2.7210471379100127
stjd : 2.7118624340012185
float : 2.696793942445205
void : 2.6966349719486487
garrincha : 2.6895107353686436
benfica : 2.6865818261665733
gols : 2.6793783718622337
saudebucal : 2.669393146358722
