garrincha : 1.8548160455847345
escalação : 1.6222995103862874
grêmio. : 1.543813956500786
estreia : 1.4959195253601232
entretenimento : 1.3632405242840517
pablo : 1.326817148933436
grêmio, : 1.316169264795521
comando : 1.3108606940588463
avança : 1.2993841154467902
ingressos : 1.2969203095846462
reencontro : 1.2856419444502787
virada : 1.276459572680225
z : 1.2558867633894926
r$150,00 : 1.2332516481869782
jogar : 1.2244025647785979
utensílios : 1.1836308706138066
thiago : 1.171438114548313
vencer : 1.1629171965855076
tentando : 1.1218176726893765
classificação : 1.0972369484428812
braz : 1.087431108135218
gourmet : 1.0840138262087171
mineiros : 1.0831140534846568
mail : 1.0821917189603119
pontos. : 1.0788851081702266
digo : 1.0542467226969572
títulos : 1.0450171660012424
copacabana : 1.0390235112754935
maracanã. : 1.036735465180954
confirmou : 1.031395246374027
apoie : 1.0100632815272044
treinador. : 1.0016637942285496
classificar : 0.9990971710188451
cbf, : 0.9941911509274386
volante : 0.9900411258970675
acesse! : 0.9871226367456711
treinou : 0.9871226367456711
forte : 0.97655577797254
mostrando : 0.9761742170603184
traumatismo : 0.9740381591352176
oponente : 0.9621449031239032
menezes : 0.9527169797878795
lance, : 0.9512439529467523
japonês, : 0.9461164068914973
marcada : 0.944349310089495
120 : 0.9371684416847249
josy : 0.9364278517957578
arena : 0.9300896713095256
exponencial : 0.9274080227923672
guarani, : 0.9274080227923672
classificação. : 0.9274080227923672
bermuda : 0.9260463990613927
acompanhe : 0.9230679541352775
(5) : 0.9214901109391508
hoje : 0.9122734484066091
ciência : 0.9122679815676037
torce : 0.903572092637982
whatsapp : 0.9031021138420563
terça : 0.9019743856302573
pelé, : 0.8999900694996662
vice-liderança : 0.8999900694996662
apostou : 0.8999900694996662
sido : 0.893768407150049
empates : 0.8931076559415007
carioca. : 0.8865695103005208
aproveitado : 0.8865695103005208
assuntos: : 0.8773372756192063
fase. : 0.8773372756192063
coloca : 0.8744723682907126
dunas : 0.8715258448344466
3ª : 0.8664354722877513
folhapress. : 0.8659617852985222
faturar : 0.8632661090535402
retomada : 0.8630842758784876
preferiu : 0.8606248946572957
irmãos : 0.8583373816568612
técnica : 0.8536367293235197
isso: : 0.8533441008091498
mancini : 0.8481644548235948
paraiba : 0.8481644548235948
2019, : 0.8450545502928868
setores : 0.8413632422976591
sudeste, : 0.8412211064398075
deixando : 0.8354612605548033
function : 0.8350908134038273
vestiário : 0.8325021651779863
desportiva : 0.8304103498957643
camisas, : 0.8223625377566665
interesse : 0.8223503877197619
distorção : 0.8185170938844499
1º : 0.8175220629210145
defesa. : 0.8166359727106898
azul : 0.8164175585846578
atletas : 0.8108040310515269
reforços : 0.8093710112102097
áreas. : 0.8093710112102097
fios : 0.8088047351871906
maicon : 0.807616143707299
título. : 0.8024885976520441
respondido : 0.8024885976520441
