carioca : 2.4751197666524254
zagueiro : 2.186546533888707
prováveis : 1.7930071569124293
getwidget : 1.67780230082021
bonde : 1.6608206997915287
ify : 1.6431868354795158
escalação : 1.6016463052655736
templateify : 1.5341744915807567
desfalque : 1.4769317177617085
estreia : 1.4702074347833032
10h : 1.4561293408620812
teve : 1.4410218225481124
entretenimento : 1.4045404363829652
calções : 1.4001861472613328
barrado : 1.364058185218909
classificados : 1.3375343886061717
exames : 1.3191037074462728
reservas : 1.3136341903499902
testou : 1.3034137843422022
nove : 1.3006123461008252
etapa : 1.2672077131724953
contrato : 1.2552916601614916
colocação : 1.2375204052349178
doença : 1.2364491171348309
bate : 1.2155199306922893
eq : 1.183485739313302
oitavas : 1.1758569043368248
seria : 1.171413692908279
sport : 1.148061157902216
confrontos : 1.146316250880945
assinatura : 1.146193794427093
claro : 1.1398236767823915
vencer : 1.134812711226118
ritmo : 1.129863579269082
chega : 1.1205366138263597
motel : 1.1179238096301376
remo : 1.0997888205786597
43 : 1.0979087650101749
entrada : 1.0913909836608469
21h : 1.071685982628835
maringá : 1.0689162114157562
assinante : 1.0627681809258684
resort : 1.06181692086745
bolsonaro : 1.0617882511178047
artilheira : 1.0585753921981194
lombalgia : 1.036735465180954
finais : 1.0345955268135538
suspenso : 1.033906927164326
juliana : 1.0220365799604296
sebastião : 1.0205979445181643
ausentar : 1.0180270810818237
testarem : 1.0180270810818237
carreiras : 1.0142202787801686
suspende : 1.011570278192354
kelly : 1.0078231394052015
última : 0.9784845012092142
mostrando : 0.9710794855119875
fosse : 0.9701906302695773
esportivas : 0.9693027195429729
inglês : 0.956872837240187
esquentou : 0.9512439529467523
irmã : 0.9510161949058854
prejuízo : 0.9454456678224435
superar : 0.944349310089495
qui : 0.9421738451925777
chapecoense : 0.941633529037343
sabáudia : 0.9364278517957578
constatada : 0.9274080227923672
share : 0.9248347900021376
paraibana : 0.9231212234674429
bundesliga : 0.918970536248519
sports : 0.9172275733451727
panturrilha : 0.9149475829586661
pega : 0.9134254276216411
nino : 0.911044735939093
julião : 0.911044735939093
pertencia : 0.9072550310001462
policial : 0.9014079401707945
milionária : 0.8999900694996662
publicado : 0.8985515957029271
constata : 0.8931076559415007
allianz : 0.8931076559415007
sido : 0.8924942864299982
realizou : 0.8890194719294707
técnica : 0.8876216673837598
enfrentará : 0.8834191008457611
dores : 0.8764327530938343
gatas : 0.8743992718423704
empates : 0.8743992718423704
assistente : 0.8690799528420534
ter : 0.868563949143969
mangaratiba : 0.8659617852985222
oriundo : 0.8606248946572957
testam : 0.8580359849890962
favoritismo : 0.8554973486020409
canoagem : 0.8554973486020409
guia : 0.8532426519968939
oficial : 0.8529358370001247
nordestinos : 0.8481644548235948
90px : 0.8458087935063013
