► : 6.035755931264178
abr : 4.277297292094626
mai : 4.118863637057517
fev : 4.115875686374366
cpdoc : 3.9495778594300623
contágios : 3.944356092324634
fluminense : 3.848166906850793
tricolor : 3.7136469369051226
jul : 3.6702885909343665
jan : 3.633590423809279
ffc : 3.6193408375369187
zanardi : 3.586515448409639
ago : 3.57931315383259
jun : 3.5737387126993094
afrouxamento : 3.4787227750099414
nov : 3.396927663394531
validado : 3.3726862429688342
escalações : 3.34857874698387
alerj : 3.330008660711945
desencadeou : 3.256874025393585
fluminenses : 3.2556616779331957
hellmann : 3.235684726323647
article : 3.217541952773845
ídolos : 3.085364359616233
cavalieri : 3.081140730255643
mandante : 3.0665423272232935
abala : 3.026425104015311
1a : 3.004016737577525
alemanha : 2.988062360488132
niterói : 2.963293212018622
tnonline : 2.955844029729604
precisaram : 2.876662783681979
vasco : 2.84063203732419
empate : 2.8203233527880687
dodi : 2.791047421022259
divulgação : 2.751584332233329
webcam : 2.7471301626252447
debatem : 2.7372851513379053
gonçalo : 2.7371958224025548
maracanã : 2.714938914068853
odair : 2.706645672338491
mar : 2.703609755373056
nenê : 2.679322967824502
dez : 2.6747610358460934
corcovado : 2.670479393382597
pódios : 2.654877749051812
helvetica : 2.654877749051812
set : 2.6535245246652246
ivaí : 2.6457081488999914
aderbal : 2.6315618293151304
asiáticas : 2.6315618293151304
gradual : 2.623272934037169
apucarana : 2.618967870405286
rizek : 2.6097512429989433
info : 2.594962606250751
estudarem : 2.5892633464108727
soccer : 2.5756327880179977
mudarão : 2.569946843696236
sedes : 2.5666779453650714
laranjeiras : 2.5611654426974564
peñarol : 2.5516749996005514
renovou : 2.5516749996005514
presenciais : 2.5505895884422816
campeonato : 2.5467148464547322
out : 2.5442849596410793
diminuiu : 2.540870681758786
windsor : 2.534340595202029
profissionalizantes : 2.5116169474868073
escudos : 2.5082122134042284
trump : 2.497811889778594
foto : 2.48807410569456
sme : 2.4871084948352795
bacias : 2.486022013751441
bondinho : 2.457935943701222
sanitárias : 2.4541003001016093
significativamente : 2.4506940514096978
lucca : 2.449907918132069
conferido : 2.4466823701963953
bilhetes : 2.4466823701963953
coronavac : 2.442811917758631
violão : 2.43707583664814
itatiaia : 2.4340523800904803
typography : 2.4329212102804276
imigração : 2.4307992226927584
torcida : 2.395422615663838
hidrográficas : 2.394693596925344
estádio : 2.3843245037491942
símbolos : 2.372114344511426
playing : 2.369171301917916
pênaltis : 2.3679893557297103
nordestino : 2.3646370664694327
feridos : 2.3571275629153297
ravena : 2.355016478881963
injustamente : 2.355016478881963
aulas : 2.35191587033796
aérea : 2.3512362945056324
automobilismo : 2.3502921013684777
ambulantes : 2.349163618220732
piraí : 2.3470068175794694
bigger : 2.3452202337259878
